25,13
25,12
25,11
25,10
25,9
25,8
25,7
25,6
25,5
25,4
23,255
23,254
23,253
23,252
23,251
23,250
23,249
23,248
23,247
23,246
23,245
23,244
23,243
23,242
23,241
23,240
23,239
23,238
23,237
23,236
23,235
23,234
23,233
23,232
23,231
23,230
23,229
23,228
23,227
23,226
23,225
23,224
23,223
23,222
23,221
23,220
23,219
23,218
23,217
23,216
23,215
23,214
23,213
23,212
23,211
23,210
23,209
23,208
23,207
0,468
0,467
0,466
0,465
23,78
23,77
23,76
23,75
23,74
23,73
23,72
23,71
23,70
23,69
23,68
23,67
23,66
23,65
23,319
23,318
23,317
23,316
23,315
23,314
23,313
23,312
23,311
23,310
23,309
23,308
23,307
23,306
23,305
23,304
23,303
23,302
23,301
23,300
23,299
23,298
23,297
23,296
23,295
23,294
23,293
23,292
23,291
23,290
23,289
23,288
23,287
23,286
23,285
23,284
23,283
23,282
23,281
23,280
23,279
23,278
23,277
23,276
23,275
23,274
23,273
23,272
23,271
23,270
23,269
23,268
23,267
23,266
23,265
23,264
23,263
23,262
23,261
23,260
23,259
23,258
23,257
23,256
23,206
23,205
23,204
23,203
23,202
23,201
23,200
23,199
23,198
23,197
23,196
23,195
23,194
23,193
23,192
23,191
23,190
23,189
23,188
23,187
23,186
23,185
23,184
23,183
23,182
23,181
23,180
23,179
23,178
23,177
23,176
23,175
23,174
23,173
23,172
23,171
23,170
23,169
23,168
23,167
23,166
23,165
23,164
23,163
23,162
23,161
23,160
23,159
23,158
23,157
23,156
23,155
23,154
23,153
23,152
23,151
23,150
23,149
23,148
23,147
23,146
23,145
23,144
23,143
23,142
23,141
