42,575
42,574
42,573
42,572
42,571
42,570
42,569
42,568
42,567
42,566
42,565
42,564
42,563
42,562
42,561
42,560
42,559
42,558
42,557
42,556
42,555
42,554
42,553
42,552
0,487
0,486
42,191
42,190
42,189
42,188
42,187
42,186
42,185
42,184
42,183
42,182
42,181
42,180
42,179
42,178
42,177
42,176
42,175
42,174
42,173
42,172
42,171
42,170
42,169
42,168
42,551
42,550
42,549
42,548
42,547
42,546
42,545
42,544
42,543
42,542
42,541
42,540
42,539
42,538
42,537
42,536
42,535
42,534
42,533
42,532
42,531
42,530
42,529
42,528
42,527
42,526
42,525
42,524
42,523
42,522
42,521
42,520
42,519
42,518
42,517
42,516
42,515
42,319
42,318
42,317
42,316
42,315
42,314
42,313
42,312
42,311
42,310
42,309
42,308
42,307
42,306
42,305
42,304
42,303
42,302
42,301
42,300
42,299
42,298
42,297
42,296
42,167
42,166
42,165
42,164
42,163
42,162
42,161
42,160
42,159
42,158
42,157
42,156
42,155
42,154
42,153
42,152
42,151
42,150
42,149
42,148
42,147
42,146
42,145
42,144
42,143
42,142
42,141
42,140
42,139
42,138
42,137
42,136
42,135
42,134
42,133
42,132
42,131
42,511
42,510
42,509
42,508
42,507
42,506
42,505
42,504
42,503
42,502
42,501
42,500
42,499
42,498
42,497
42,496
42,495
42,494
42,493
42,492
42,491
42,490
42,489
42,488
42,487
42,486
42,485
42,484
42,483
42,482
42,481
42,480
42,479
42,478
42,477
42,476
42,475
42,474
42,473
42,472
42,471
42,470
42,469
42,468
42,467
42,466
42,465
42,464
42,463
42,462
42,461
42,460
42,459
42,458
42,457
42,456
42,514
42,513
